777777777777777777777777777777
777777777777777777777777777777
777777777777777777777777777777
777777777777777777777777777777
777777777777777777777777777777
777777777777777777777777777777
77777777777777777GGGG777777777
7777777777G777777777GG77777777
777777777GG7777777777G77777777
777777777G777777777777G7777777
77777777GG7777777777GGG7777777
777777GGGGG7GG7GGGGGG777777777
7777GGGG7777777777777777777777
7777GGG77777777777777777777777
777777777777777777777777777777
777777777777777777777777777777
777777777777777777777777777777
777777777777777777777777777777
777777777777777777777777777777
777777777777777777777777777777
777777777777777777777777777777
777777777777777777777777777777
777777777777777777777777777777
777777777777777777777777777777
777777777777777777777777777777
777777777777777777777777777777
777777777777777777777777777777
777777777777777777777777777777
777777777777777777777777777777
777777777777777777777777777777
